1234567890123456789012345678901234567890
2.......................................
3..xxxxxxxxx.....xxxxxxxxxxx.xxx.xxx.xxx
4..x.......xxxxxxx.........x.x.x.x.x.x.x
5..x.xxxxx..........xxxxxx.xxx.x.x.x.x.x
6........x.xxxxxxxx.x....x.....xxx.x.x.x
7........x.x......x.x....xxxxx.....xxx.x
8........x.x......x.x........xxxxx.....x
9........x.x......x.x............xxxxxxx
0........x.x......x.x...................
1.......................................
2234567890123456789012345678901234567890
3234567890123456789012345678901234567890
4234567890123456789012345678901234567890
5234567890123456789012345678901234567890
6234567890123456789012345678901234567890
7234567890123456789012345678901234567890
8234567890123456789012345678901234567890
9234567890123456789012345678901234567890
0234567890123456789012345678901234567890
1234567890123456789012345678901234567890
2234567890123456789012345678901234567890
3234567890123456789012345678901234567890
4234567890123456789012345678901234567890
5234567890123456789012345678901234567890
6234567890123456789012345678901234567890
7234567890123456789012345678901234567890
8234567890123456789012345678901234567890
9234567890123456789012345678901234567890
0234567890123456789012345678901234567890
1234567890123456789012345678901234567890
2234567890123456789012345678901234567890
3234567890123456789012345678901234567890
4234567890123456789012345678901234567890
5234567890123456789012345678901234567890
6234567890123456789012345678901234567890
7234567890123456789012345678901234567890
8234567890123456789012345678901234567890
9234567890123456789012345678901234567890
0234567890123456789012345678901234567890
